0.27017512
-0.47394802
0.04664980
-0.50235102
-0.86727030
0.44692812
0.32392869
-0.00131300
0.31648886
-0.65808325
0.88069354
0.46200438
-0.54192628
0.90491895
-0.87763258
0.99472779
0.66869691
0.52555150
-0.73701811
0.12615369
0.45811549
-0.22744194
0.26105682
-0.13231890
-0.79988070
-0.03014000
-0.70235605
-0.94922763
-0.09694152
0.44925274
0.20773296
0.43156246
0.30386610
-0.60392304
-0.12735312
0.33493999
0.41248766
0.09322811
0.39017891
-0.57060660
0.61596944
-0.99933448
0.13725022
0.53325828
-0.17347777
-0.80427508
0.62151118
0.92580193
0.57938717
-0.36823880
